6
6
2017
2017
29
2
1
1
7
3
2
8
6
15
4
4
1
1
1
6
1
8
2017
1
2017
8
3214
1
2017
181
1
1
1
966
1
2017
1
1
1
2017
1
79
1
1
1
118
2
2
3
2
6
1
1
1
1
1
1
8
3994
12
4
1
3862
6
10
2
99
2017
2017
2017
2017
27
0
26
85
3
4
3
3
2017
2017
122
4
27
4
2017
5
100
2017
2017
6
22
14
7
27
19
14
15
9
8
2017
15
1
-1
2017
-1
1
1
961
-1
-1
1
2
2
168
2017
1
1
-1
1
799
1
1
1
1
1
2
2
41
2
2
1
423
1
1
207
2017
1
654
1
2017
941
2017
29
1
1797
2017
6
1
2017
1
6
1
1
2
6
2782
1
1
447
3
1
2
5407
1
597
923
23
2
3
13
-1
1208
2
2
2
2
2
5401
1
4
1
1
241
1
1
1
9
2017
1
1
1
1
1
1
1
1
1
618
1
1
1
1
288
3
389
2
1
0
1
4
1
2
2017
1006
3
176
2017
4
3
4
2017
9
1
2017
2017
-1
-1
-1
371
11
615
2017
3525
1
2017
5105
2017
465
1
1
4
6
1
2017
1
2
1
1
1
2017
2
2017
-1
-1
2
22
2017
54
1
27
4
176
3
2017
54
2
1
1
2
2
2
1369
1
2
1
5
2
54
2
8
2
1427
7
51
8
2
5
2477
2017
1
1
2017
1
1
411
1
1
2017
146
106
1
6
1
6
6
-1
-1
131
331
2017
6
1
1
2017
1
1
834
1
125
2017
6
1
1
371
-1
2017
1
4
553
1
1
1
5
8
1
1
2017
60
1
1
2017
1
2017
6
1
1
1
6
2017
2017
1
1
1
10
930
4
8
1
8
169
4
1
1
-1
71
5
5
1
43
5
8
8
71
7
7
4
1
2017
2
5
2
2017
1
622
1
1
1
6
6
1
1
1
1
1
2017
2
1
2017
1
1
6
6
1
1
378
65
205
2017
0
2017
194
787
4
2017
4
390
4
63
5
6
13
779
28
6
2017
2017
6
16
2017
2017
2017
1
2017
2017
2017
2017
85
2017
1
2017
1
2017
6
2017
580
1
2017
1
6
1
239
1
30
2017
1
6
2017
1
4
21
1
2017
1
1
1
1
1
1
1
543
1881
7
1
49
103
1
1
1
1
126
1
1
1
1
1
4
1
-1
2017
465
15
2017
2
2017
2017
3
0
2017
9
1
4
6
2017
1
2017
1539
1
-1
1539
0
6
8
2017
1
1
2017
1
0
330
2017
1
1
1
35
1
2017
20
2017
-1
1
0
3
2017
5597
0
0
0
8
1
1
1
1
-1
1
1
1
1
56
2017
1
1
1
1
0
1
2017
1
1
1
1
8
3
5
2017
2017
1
1
-1
1066
2791
1
1
1
1
2017
51
1
1
1
1
75
1
-1
1
1
1
3521
258
457
1
1
1
1
1
1
1
1
1
1
1
1
1
203
1
132
177
147
159
0
116
2017
8
930
5
961
0
6
26
1
1
1
26
58
-1
1
2017
1
6
1
2017
1
1
1
6
1
6
4
2017
2017
2
2017
1
2017
2017
6
2
2017
6
9
2511
2
5
2017
3
5
2017
6
5
2017
2017
574
4
2017
6
2017
0
2017
1
1464
0
2017
2017
1
2017
-1
0
0
1
954
1
7
6
6
1
1
1
452
-1
2017
1
-1
-1
923
1
2017
0
1
2
121
1
244
699
0
699
19
2
96
37
1
2017
1201
2
1
1
5
1
1
-1
745
2017
5
6
1
1634
44
0
0
1
0
7
5
0
2017
0
0
0
11
4
0
0
-1
26
2017
1
2017
-1
2017
2
2
2
2017
2017
2017
6
8
3
0
1
2017
561
34
14
6
0
0
0
1
1
2017
1
1
87
1
2
554
2
2017
67
3
2017
2017
2017
2017
4
0
-1
2017
-1
-1
-1
-1
-1
-1
-1
149
-1
0
472
0
47
7
21
2
7
271
269
15
448
934
2017
0
2017
-1
-1
1
1
1
1
1
1
1
2
1
1
1
0
2017
3
2017
2017
1
1
2017
1
2017
2017
1
1
1
470
864
3
4
2017
21
2017
173
-1
8
-1
364
270
6
224
1
10
56
1
872
139
872
2
2
228
872
5
5
2
2
-1
2
2
2
3
2017
176
3
6
2017
1312
4
3
76
0
77
0
0
0
68
15
0
960
1
4919
34
759
219
11
1
42
1
1
13
-1
1
6
1
1
1
-1
1
2017
1
1
1
1
1
-1
26
1
33
0
1
1
674
520
1
1
3296
1
1
2017
1
1
1
1
12
2
3
2
0
2
682
-1
2
2
2017
1
1
4
1
6
-1
-1
2
217
61
2017
3
13
4
2017
4
1
618
1
1
2
0
1
1
1
1
1
2
1
1
1
1
1
10
6
12
2017
246
245
1
1
2017
2017
789
673
2017
2
3
3
3
4
2017
