2017
2017
2017
2017
8
3214
2017
181
966
2017
2017
8
3994
12
3862
2017
2017
2017
2017
85
2017
2017
27
2017
2017
2017
2017
2017
961
2
168
2017
799
423
207
2017
654
2017
941
2017
1797
2017
2017
2782
3
5407
597
23
1208
2
5401
4
9
2017
1
618
389
4
2017
1006
176
2017
4
4
2017
9
2017
2017
11
615
2017
3525
2017
5105
2017
465
2017
2017
2017
2017
2017
1369
1427
2477
2017
2017
411
2017
2017
2017
834
125
2017
371
2017
4
553
2017
2017
2017
2017
2017
930
8
71
2017
2017
622
2017
2017
378
2017
2017
194
2017
390
5
2017
2017
2017
2017
2017
2017
2017
2017
2017
2017
2017
2017
2017
580
2017
239
30
2017
2017
2017
1881
49
103
2017
465
2017
2017
2017
2017
2017
2017
1539
1539
2017
2017
330
2017
2017
2017
2017
5597
0
8
2017
2017
8
2017
2017
1066
2791
2017
3521
457
2017
930
961
2017
2017
2017
2017
2017
2017
2017
2017
2511
2017
2017
2017
2017
574
2017
2017
2017
1464
2017
2017
2017
954
452
2017
2017
2
19
37
2017
1201
2
745
2017
1634
2017
11
2017
2017
2017
2017
2017
2017
2017
2017
87
554
2017
2017
2017
2017
2017
2017
149
472
47
448
934
2017
2017
2017
2017
2017
2017
2017
2017
470
2017
2017
364
2017
2017
1312
960
4919
759
219
42
2017
26
33
674
3296
2017
682
2017
61
2017
2017
618
0
2017
2017
2017
789
673
2017
3
2017
