0
0
3484
3484
0
0
0
0
0
0
0
0
0
0
0
0
0
0
0
0
0
0
3512
0
3484
1
182
0
3751
7
0
0
0
3
0
3484
0
0
0
3486
0
0
0
0
0
0
0
0
0
0
0
0
0
0
0
0
0
1
1067
1
0
0
1278
0
0
0
0
3492
3484
3484
3482
0
0
0
2
0
0
0
0
3484
3486
0
0
1
0
3484
0
0
3487
3484
0
0
0
0
0
0
0
0
0
0
3484
0
0
0
3489
0
0
0
2
0
0
0
0
2
8
3484
0
0
0
0
43
0
0
0
0
0
0
0
0
0
0
0
5
0
0
1
3492
0
2
0
3564
4
3485
0
0
23
3485
0
0
3487
0
0
0
0
0
0
70
0
0
0
3
0
0
4014
0
2
0
1
0
0
0
0
829
0
2
0
0
0
9100
0
2
0
0
0
0
0
0
4
3486
0
0
0
0
0
0
0
0
1
13
0
0
0
0
0
0
17
0
0
0
0
6
0
0
3485
25
0
10
3485
2
0
4
3485
3
0
3485
3485
0
0
0
0
41
9
3490
414
0
3485
1647
1840
6
0
0
0
0
0
3550
0
0
0
0
0
3485
0
3485
0
0
0
0
3485
0
0
0
0
0
0
3485
0
0
0
0
0
0
0
14
0
0
0
0
0
0
0
0
0
24
0
0
0
0
0
214
3485
0
0
3482
0
0
310
0
0
3485
0
0
0
0
0
0
0
0
0
0
0
3485
0
0
0
3485
0
0
10
0
2
3490
0
0
0
8
0
3485
0
20
9
0
0
0
0
0
0
0
3485
0
0
0
3490
0
3485
0
0
0
0
0
3487
3485
0
0
0
0
2
0
0
0
2
0
0
0
0
0
0
0
0
0
0
0
0
0
1
0
0
0
0
3488
0
0
0
3485
0
6
0
0
0
0
0
0
0
0
0
0
3485
0
0
3485
0
0
0
0
0
0
1
0
0
3485
0
3485
1
0
0
3485
0
2
0
0
1
0
0
0
0
0
3490
3485
0
0
3490
3485
3485
0
3486
3485
3485
3485
0
3485
0
3485
0
3486
0
3485
7
0
3485
0
0
0
2
0
5
3486
0
0
3485
0
0
0
0
3485
0
0
0
0
0
0
0
0
8
0
0
1
2
0
0
0
0
0
0
0
0
0
0
0
0
0
3485
5
0
3490
0
3485
3485
0
0
3485
0
0
0
0
3485
0
3485
31
0
0
31
0
0
0
3485
0
0
3490
0
0
16
3547
0
0
0
0
0
3490
0
3485
0
0
0
0
3538
699
0
1
0
5
0
0
0
0
0
0
0
0
0
0
3485
0
0
0
0
0
0
3485
0
0
0
0
5
0
0
3485
3485
0
0
0
13
184
0
0
0
0
3485
0
0
0
0
0
0
0
0
0
0
0
529
0
1
0
0
0
0
0
0
0
0
0
0
0
0
0
0
0
0
0
0
0
0
0
3485
0
2
0
2
0
0
0
0
0
0
0
0
0
0
3485
0
0
0
3485
0
0
0
0
0
0
0
3487
3485
0
3485
0
3486
3485
0
0
3486
0
0
251
0
0
3485
0
0
3485
0
0
3486
3486
1
0
3490
0
3485
0
3485
0
90
0
3485
3485
0
3497
0
0
0
0
16
0
0
0
0
0
0
0
34
0
3485
0
0
0
0
0
3512
0
0
1
0
0
0
0
0
0
5
0
0
30
0
3485
200
1
0
0
0
0
0
0
18
3485
0
0
0
606
0
0
0
0
0
0
0
0
3490
0
0
0
1
0
0
0
0
0
3490
0
3485
0
3485
0
0
0
3485
3485
3485
0
0
0
0
0
3490
0
0
0
0
0
0
0
0
0
3485
0
0
1
0
0
5
0
3485
0
0
3485
3485
3485
3485
0
0
0
3485
0
0
0
0
0
0
0
3
0
0
11
0
2
0
0
0
0
0
0
0
2
21
3485
0
3485
0
0
0
0
0
0
0
0
0
0
0
0
0
0
3485
0
3485
3485
0
0
3486
0
3485
3490
0
0
0
2
0
0
0
3485
0
3485
0
0
0
0
1
0
0
0
0
0
0
0
0
0
0
0
0
0
0
0
0
0
0
0
0
0
0
0
3490
0
0
0
3485
70
0
0
0
0
0
0
0
0
0
0
0
3
0
1337
0
45
2
0
0
1
0
0
0
0
0
0
0
0
0
0
0
3490
0
0
0
0
0
0
1
0
1
0
0
0
15
0
0
0
468
0
0
3485
0
0
0
0
0
0
0
0
0
0
39
0
0
0
3485
0
0
0
0
0
0
0
0
0
5
3487
0
0
0
3485
0
0
25
0
0
0
16
0
0
0
0
0
0
0
0
0
0
0
0
0
0
3486
0
0
0
0
3487
3485
1134
5
3486
0
1
0
0
0
3504
