3484
3484
3512
3484
1
182
3751
7
3
3484
3486
1
1067
1
1278
3492
3484
3484
3482
2
3484
3486
1
3484
3487
3484
3484
3489
2
2
8
3484
43
5
1
3492
2
3564
4
3485
23
3485
3487
70
3
4014
2
1
829
2
9100
2
4
3486
1
13
17
6
3485
25
10
3485
2
4
3485
3
3485
3485
41
9
3490
414
3485
1647
1840
6
3550
3485
3485
3485
3485
14
24
214
3485
3482
310
3485
3485
3485
10
2
3490
8
3485
20
9
3485
3490
3485
3487
3485
2
2
1
3488
3485
6
3485
3485
1
3485
3485
1
3485
2
1
3490
3485
3490
3485
3485
3486
3485
3485
3485
3485
3485
3486
3485
7
3485
2
5
3486
3485
3485
8
1
2
3485
5
3490
3485
3485
3485
3485
3485
31
31
3485
3490
16
3547
3490
3485
3538
699
1
5
3485
3485
5
3485
3485
13
184
3485
529
1
3485
2
2
3485
3485
3487
3485
3485
3486
3485
3486
251
3485
3485
3486
3486
1
3490
3485
3485
90
3485
3485
3497
16
34
3485
3512
1
5
30
3485
200
1
18
3485
606
3490
1
3490
3485
3485
3485
3485
3485
3490
3485
1
5
3485
3485
3485
3485
3485
3485
3
11
2
2
21
3485
3485
3485
3485
3485
3486
3485
3490
2
3485
3485
1
3490
3485
70
3
1337
45
2
1
3490
1
1
15
468
3485
39
3485
5
3487
3485
25
16
3486
3487
3485
1134
5
3486
1
3504
