6
6
2017
2017
29
2
1
1
7
3
2
8
6
15
4
4
1
1
1
6
1
8
2017
1
2017
8
3214
1
2017
181
1
1
1
966
1
2017
1
1
1
2017
1
79
1
1
1
118
2
2
3
2
6
1
1
1
1
1
1
8
3994
12
4
1
3862
6
10
2
99
2017
2017
2017
2017
27
0
26
85
3
4
3
3
2017
2017
122
4
27
4
2017
5
100
2017
2017
6
22
14
7
27
19
14
15
9
8
2017
15
1
-1
2017
-1
1
1
961
-1
-1
1
2
2
168
2017
1
1
-1
1
799
1
1
1
1
1
2
2
41
2
2
1
423
1
1
207
2017
1
654
1
2017
941
2017
29
1
1797
2017
6
1
2017
1
6
1
1
2
6
2782
1
1
447
3
1
2
5407
1
597
923
23
2
3
13
-1
1208
2
2
2
2
2
5401
1
4
1
1
241
1
1
1
9
2017
1
1
1
1
1
1
1
1
1
618
1
