1153
2285
1259
851
1240
4321
73
245
1052
633
662
897
1197
962
1642
793
1109
3362
68
371
651
1521
221
1111
789
1932
487
242
945
3825
1123
515
1087
272
1069
896
79
1120
3979
828
1372
784
1063
772
879
195
0
356
874
328
899
391
1833
1210
327
4364
1997
3198
0
50
113
1262
0
1300
727
199
1377
858
924
859
1301
1084
2577
2061
3540
2644
1155
1699
2752
871
787
2181
926
2424
619
1380
1090
1371
1385
1412
464
1342
1061
1446
921
814
1082
0
1613
1178
872
1239
121
216
912
199
471
0
6208
390
1654
2646
1161
4071
270
207
1169
1135
378
742
723
2456
678
2016
969
712
689
870
1221
382
439
815
187
1479
316
7096
880
316
7391
900
922
469
820
451
85
428
832
890
1070
973
1654
814
2198
2113
11291
909
2577
2531
163
2222
5661
1805
1683
3461
2224
990
2261
2622
2004
1045
1093
517
1464
4016
1943
775
775
1394
2031
0
0
1364
4362
659
4362
0
0
777
864
3952
747
1364
1396
4523
1721
4301
6470
1344
0
1547
1137
1547
1721
0
846
1334
0
1509
2424
4301
348
151
5323
876
658
6910
268
881
1961
4341
4312
932
1941
13722
985
900
50
50
51
12
1108
436
878
2828
6161
948
1077
1236
648
1704
1730
842
778
344
915
616
2953
131
1253
595
557
711
960
335
523
3462
908
1234
518
1067
1226
1063
7173
1144
1064
1188
1124
109
708
1073
1140
1115
1407
1111
1154
137
1116
1048
468
113
172
479
259
1263
492
1162
1220
1092
1339
816
768
1628
828
2285
164
124
716
214
929
2399
956
537
930
997
844
899
1701
257
913
485
207
884
0
1096
866
468
681
1813
5793
1250
789
823
1383
138
3354
1501
919
4038
338
1809
1589
6
1203
994
1201
246
130
718
452
1302
1228
207
187
1750
919
2433
650
2962
215
905
215
2667
2762
1250
651
650
1493
1589
183
716
2119
791
1261
3732
1446
985
820
716
218
568
1212
0
1576
0
1588
0
0
801
968
822
10
213
849
1869
944
498
379
320
1060
1099
1168
1260
464
2726
1142
774
1286
1518
854
1806
984
883
1057
1616
3337
699
1128
879
1013
0
809
7177
465
1138
951
615
963
794
1895
1274
2494
1289
459
1123
528
994
884
33
446
733
690
807
693
875
918
848
1059
1635
683
460
1177
349
900
641
802
602
3877
652
399
616
1508
44
380
3220
1182
1103
925
965
0
1274
623
2443
931
293
816
2827
2130
1761
1471
923
2869
2152
918
387
4033
16954
3217
2989
591
1390
676
3140
1235
2522
1218
2228
1590
1880
1245
821
486
476
836
4732
207
877
4930
0
1105
742
1210
185
1234
981
304
739
124
4121
2624
124
2391
1194
1479
981
9736
158
2818
3364
34
332
921
725
229
3015
484
720
876
818
822
0
947
711
725
966
70
2970
1211
3093
1493
1292
1292
0
1680
319
1644
266
1480
1486
1166
668
696
579
601
542
3093
749
1071
611
2541
612
591
1793
369
695
898
763
623
1977
2170
1681
1077
1893
1042
1193
1767
877
3413
1021
947
747
2731
1805
2086
1781
787
1696
1346
674
919
870
843
863
825
817
823
1090
835
831
825
837
841
833
835
1025
1912
819
812
831
843
556
1743
1379
758
650
669
6208
218
1165
1000
2463
1184
759
3520
535
1624
1128
2870
1566
975
1523
1045
1154
1361
1180
922
552
1202
689
856
975
1149
1159
187
980
808
1604
164
833
975
1301
1241
1656
1261
1143
644
890
980
975
1157
937
937
581
1536
824
965
1024
276
1508
578
306
736
1011
931
789
867
242
170
791
963
653
789
1297
986
981
304
950
1331
2113
645
839
616
220
2088
1382
703
867
6087
2056
842
854
401
1453
351
1210
351
1203
1830
863
1477
1493
806
2412
842
1128
1809
1298
1157
1586
610
695
899
843
1142
1595
1070
6193
1657
88
3103
140
1057
2173
1963
873
222
160
234
943
809
345
977
981
458
1227
123
1302
329544
775
162
409
1252
809
207
207
794
13280
1039
0
1945
999
1382
1496
1260
1426
57
188
1582
65
55
1013
1134
1482
1829
2284
1771
0
105
1043
1963
529
897
1157
888
1152
752
104
1722
806
127
273
204
306
110
749
837
431
856
2903
32
556
489
4161
486
1281
1130
864
882
24031
1090
36
1034
3090
978
1058
907
616
1055
898
892
2528
25
1142
1281
984
986
5910
48
1091
1895
1568
787
815
1679
910
266
926
900
2378
1101
2644
2914
527
748
1244
908
1467
827
773
172
747
1339
906
1121
1021
557
744
979
837
4909
2173
863
2173
713
925
2645
2173
1136
1207
3328
3086
388781
350
2127
330
150
871
567
5658
1009
842
1952
833
1416
714
323
1671
2837
754
643
1363
378
628
6313
1180
3097
1149
207
10
622
2247
783
1005
1012
677
67
774
1045
515
1410
612
1298
1928
824
943
1029
618
2265
526
669
222
1141
919
112
4289
992
2225
30
1571
472
871
2325
715
855
1692
557
2491
1692
175
91
473
763
6331
267
236
1051
1247
1538
1136
874
879
973
1531
1269
0
173
161
576
1270
920
482
165
1170
1035
149
486
1081
2779
677
676
430
568
1332
1022
692
2090
655
629
786
1337
1362
2307
0
849
3940
1020
1741
1796
1384
1383
911
820
1298
342
881
170
2051
1216
1658
866
895
