0
0
3490
3485
0
0
0
0
0
0
0
0
3485
0
0
0
0
0
0
0
0
0
3485
0
3485
1
179
0
3485
7
0
0
0
3
0
3485
0
0
0
3485
0
0
0
0
0
0
0
0
0
0
3485
0
0
0
0
0
0
2
1067
1
0
0
1278
0
0
0
0
3490
3490
3485
3485
0
0
0
2
0
0
0
0
3485
3490
0
0
1
0
3490
0
0
3485
3485
0
0
0
0
0
0
0
0
0
0
3490
0
0
0
3490
0
0
0
2
0
0
0
0
2
7
3485
0
0
0
0
39
0
0
0
0
0
0
0
0
0
0
0
5
0
0
1
3485
0
2
0
3485
4
3485
0
0
23
3490
3485
0
3485
0
3485
0
0
0
3490
71
0
0
0
3
0
0
3702
0
2
0
1
0
0
0
0
829
0
2
0
0
0
7157
0
2
0
0
0
0
0
0
3
3485
0
0
0
0
0
0
0
0
1
10
0
0
0
0
0
0
14
1
0
0
0
7
0
1
3485
25
0
7
3485
1
0
2
3485
3
0
3485
3485
0
0
0
0
0
9
3490
394
0
3490
1601
3485
6
0
0
0
0
0
3485
0
0
0
0
0
3485
0
3490
0
0
0
0
3490
0
0
0
0
0
0
3485
0
0
0
0
0
0
0
14
0
0
0
0
0
0
0
0
0
24
0
0
0
0
0
214
3490
0
0
3485
0
0
310
0
0
3485
0
0
0
3485
0
3485
3485
0
0
0
0
3485
3485
0
0
3485
0
0
10
0
2
3485
3490
0
0
7
0
3485
0
20
9
0
0
0
0
0
0
0
3490
0
0
0
3490
0
3485
3485
0
0
0
3485
3485
3485
0
0
0
0
2
0
0
0
2
0
0
0
0
0
0
0
0
0
0
0
0
0
1
0
0
0
0
3485
0
0
0
3485
0
6
0
0
0
0
0
0
0
0
0
0
276
0
0
3485
0
0
0
0
0
0
1
0
0
3485
0
3485
1
0
0
3485
0
2
0
0
1
0
0
0
0
0
3485
3485
0
0
3485
3485
3485
0
3485
3485
3485
3485
0
3490
0
3485
0
3485
3485
3485
7
0
3490
0
0
0
2
0
5
2584
0
0
3490
0
0
0
0
3485
0
0
0
0
0
0
0
0
8
0
0
1
2
0
0
0
0
0
0
0
0
0
0
0
0
0
3485
5
0
3485
0
3485
3485
0
0
3485
0
0
0
0
3485
0
3485
31
0
0
31
0
3485
0
3485
0
0
3485
0
0
15
3485
0
0
0
0
0
3485
0
3490
0
0
0
0
3485
697
0
0
0
5
0
0
0
0
0
0
0
0
0
0
3485
0
0
0
0
0
0
3490
0
0
0
0
5
0
0
3485
1035
0
0
0
13
184
0
0
0
0
3485
0
0
0
0
0
0
0
0
0
0
0
529
0
1
0
0
0
0
0
0
0
0
0
0
0
0
0
0
0
0
0
0
0
0
0
3485
0
2
0
2
0
0
0
0
0
0
0
0
0
0
3490
0
3490
0
3485
0
0
0
0
0
0
0
3490
3485
0
3485
0
3485
3485
0
0
3490
3485
0
247
0
0
3490
0
0
3485
3490
0
3485
3485
1
0
3485
0
3485
0
3485
0
89
0
3485
3485
0
3485
0
0
0
0
16
0
0
3485
3485
0
0
0
33
0
3490
0
0
0
0
0
3485
0
0
1
0
0
0
0
0
0
5
0
0
30
0
3485
181
1
0
0
0
0
0
0
12
3485
0
3485
0
587
0
0
0
0
0
0
0
0
3485
0
0
0
1
0
0
0
0
0
3485
0
3485
0
3485
0
0
0
3490
3485
3485
3490
0
0
0
0
3485
0
0
0
0
0
0
0
0
0
3485
0
0
1
0
0
5
0
3490
0
0
3485
3485
3485
3485
0
0
0
3485
0
0
0
0
0
0
0
3
0
0
11
0
1
0
0
0
0
0
0
0
2
21
3485
0
3485
0
0
0
0
0
0
0
0
0
0
0
0
0
0
3485
0
3490
3490
0
0
3485
0
3485
3485
0
0
0
2
0
0
0
3485
0
3490
0
0
0
0
1
0
3485
0
0
0
0
0
0
0
0
0
0
0
0
0
0
0
0
0
0
0
0
0
3485
0
0
0
3485
70
0
0
0
0
0
0
0
0
0
0
0
3
0
1250
0
45
2
0
0
1
0
0
0
0
0
0
0
0
0
0
0
3490
0
0
0
0
0
0
1
0
1
0
0
0
15
0
0
0
468
0
0
3485
0
0
0
0
0
0
0
0
0
0
39
0
0
0
3485
0
0
0
0
0
0
0
0
0
5
3485
0
0
0
3485
0
0
25
0
0
0
16
0
0
0
0
0
0
0
0
0
0
0
0
0
0
3485
0
0
0
0
3485
3485
1134
5
3485
0
0
0
0
0
3490
